class UT_SkaarjPlayerA expands UT_SkaarjPlayer;

defaultproperties
{
	BaseEyeHeight=23.000000
	Buoyancy=99.000000
	CollisionHeight=39.000000
	CollisionRadius=17.000000
	DrawScale=0.8
	EyeHeight=23.000000
	GroundSpeed=400.00
	Health=100
	JumpZ=325.000000
	Mass=100.000000
	PrePivot=(X=0,Y=0,Z=-5)
}
